00966796969690609300000000459920181111143445840
01823725897110587900000000100020181112095612978
01234567890123456789012345678901234567890123456
00966796969690609300000000459920181111143445840
01823725897110587900000000100020181112095612978
01234567890123456789012345678901234567890123456
00966796969690609300000000459920181111143445840
01823725897110587900000000100020181112095612978
01234567890123456789012345678901234567890123456
00966796969690609300000000459920181111143445840
01823725897110587900000000100020181112095612978
01234567890123456789012345678901234567890123456
00966796969690609300000000459920181111143445840
01823725897110587900000000100020181112095612978
01234567890123456789012345678901234567890123456
00966796969690609300000000459920181111143445840
01823725897110587900000000100020181112095612978
01234567890123456789012345678901234567890123456
